Results for boolean representation
  n_cluster_lab_1 n_cluster_lab_2     acc    aucroc
0               1               1  0.6475  0.771895
0               1               2  0.8125  0.872362
0               1               3  0.7925  0.859664
0               1               4  0.9200  0.910551
0               1               5  0.9150  0.920261
0               1               6  0.9225  0.920728
0               1               7  0.9225  0.916433
0               2               1  0.4750  0.666667
0               2               2  0.7125  0.817460
0               2               3  0.6750  0.793651
0               2               4  0.8925  0.901681
0               2               5  0.8725  0.901867
0               2               6  0.8900  0.908683
0               2               7  0.8975  0.909150
0               3               1  0.3900  0.612698
0               3               2  0.5625  0.722222
0               3               3  0.5525  0.715873
0               3               4  0.8050  0.867600
0               3               5  0.7425  0.832213
0               3               6  0.8025  0.870308
0               3               7  0.8000  0.868721


Results for tf representation
  n_cluster_lab_1 n_cluster_lab_2     acc    aucroc
0               1               1  0.6700  0.781886
0               1               2  0.8150  0.861064
0               1               3  0.8800  0.889449
0               1               4  0.8900  0.887208
0               1               5  0.9025  0.895145
0               1               6  0.9300  0.912605
0               1               7  0.9100  0.895612
0               2               1  0.5600  0.720635
0               2               2  0.7175  0.816340
0               2               3  0.8350  0.878058
0               2               4  0.8575  0.892344
0               2               5  0.8600  0.893931
0               2               6  0.8875  0.902801
0               2               7  0.8850  0.905509
0               3               1  0.4500  0.650794
0               3               2  0.6200  0.754435
0               3               3  0.7550  0.835854
0               3               4  0.7925  0.855369
0               3               5  0.8175  0.875537
0               3               6  0.8350  0.882353
0               3               7  0.8400  0.885528


Results for tf-idf representation
  n_cluster_lab_1 n_cluster_lab_2     acc    aucroc
0               1               1  0.6950  0.789169
0               1               2  0.7100  0.798693
0               1               3  0.7900  0.836601
0               1               4  0.9050  0.892437
0               1               5  0.8775  0.887862
0               1               6  0.8450  0.880112
0               1               7  0.8925  0.893091
0               2               1  0.6425  0.768721
0               2               2  0.6575  0.773950
0               2               3  0.7350  0.818861
0               2               4  0.7900  0.849486
0               2               5  0.7625  0.832026
0               2               6  0.7725  0.838375
0               2               7  0.8075  0.852007
0               3               1  0.4725  0.665079
0               3               2  0.4925  0.677778
0               3               3  0.5900  0.739683
0               3               4  0.6350  0.763959
0               3               5  0.6350  0.763959
0               3               6  0.6750  0.789356
0               3               7  0.7125  0.808870

