Results for boolean representation
   k     acc    aucroc
0  1  0.7125  0.778805
0  2  0.8350  0.852288
0  3  0.6275  0.754902
0  4  0.6150  0.738375
0  5  0.5100  0.680299
0  6  0.5175  0.680766


Results for tf representation
   k     acc    aucroc
0  1  0.9375  0.921662
0  2  0.9325  0.884127
0  3  0.9225  0.903548
0  4  0.9450  0.909244
0  5  0.9225  0.899253
0  6  0.9300  0.895425


Results for tf-idf representation
   k     acc    aucroc
0  1  0.9375  0.900187
0  2  0.9525  0.896825
0  3  0.9650  0.939122
0  4  0.9675  0.932120
0  5  0.9675  0.940710
0  6  0.9650  0.930532

