Results for boolean representation
  n_cluster_lab_1 n_cluster_lab_2     acc    aucroc
0               1               1  0.6625  0.781419
0               1               2  0.7975  0.862838
0               1               3  0.7850  0.854902
0               1               4  0.8800  0.906629
0               1               5  0.8675  0.898693
0               1               6  0.8550  0.890756
0               1               7  0.8950  0.916153
0               2               1  0.4625  0.654435
0               2               2  0.5825  0.730626
0               2               3  0.5750  0.725864
0               2               4  0.6825  0.785528
0               2               5  0.6650  0.774416
0               2               6  0.7075  0.801401
0               2               7  0.7400  0.822035
0               3               1  0.3850  0.609524
0               3               2  0.5150  0.687768
0               3               3  0.5050  0.681419
0               3               4  0.6425  0.760131
0               3               5  0.5975  0.735854
0               3               6  0.6825  0.789823
0               3               7  0.7025  0.802521


Results for tf representation
  n_cluster_lab_1 n_cluster_lab_2     acc    aucroc
0               1               1  0.7375  0.824743
0               1               2  0.8575  0.896639
0               1               3  0.8825  0.908217
0               1               4  0.9450  0.935014
0               1               5  0.9500  0.938189
0               1               6  0.9450  0.935014
0               1               7  0.9550  0.937068
0               2               1  0.6000  0.741737
0               2               2  0.7550  0.835854
0               2               3  0.8200  0.872829
0               2               4  0.8925  0.910271
0               2               5  0.8975  0.909150
0               2               6  0.9100  0.921382
0               2               7  0.9200  0.923436
0               3               1  0.4675  0.661905
0               3               2  0.6100  0.748086
0               3               3  0.6700  0.781886
0               3               4  0.7975  0.858543
0               3               5  0.8050  0.863305
0               3               6  0.8050  0.859010
0               3               7  0.8425  0.887115


Results for tf-idf representation
  n_cluster_lab_1 n_cluster_lab_2     acc    aucroc
0               1               1  0.8725  0.906162
0               1               2  0.8950  0.920448
0               1               3  0.9075  0.928385
0               1               4  0.9125  0.927264
0               1               5  0.9125  0.927264
0               1               6  0.9350  0.915780
0               1               7  0.9225  0.929318
0               2               1  0.5825  0.730626
0               2               2  0.6300  0.760784
0               2               3  0.6575  0.778245
0               2               4  0.7000  0.805229
0               2               5  0.7225  0.819514
0               2               6  0.8775  0.896452
0               2               7  0.7975  0.867134
0               3               1  0.3275  0.573016
0               3               2  0.3775  0.604762
0               3               3  0.4050  0.622222
0               3               4  0.4925  0.677778
0               3               5  0.4750  0.662372
0               3               6  0.7600  0.834734
0               3               7  0.5875  0.733800

